1000 105
2000 227
3000 363
4000 485
5000 645
6000 922
7000 1011
8000 1104
9000 1220
10000 1379
11000 1735
12000 1882
13000 1913
14000 2130
15000 2207
16000 2497
17000 2645
18000 2661
19000 2856
20000 3301
21000 3512
22000 3332
23000 3527
24000 3882
25000 4043
26000 4412
27000 4731
28000 4560
29000 4474
30000 4743
31000 5230
32000 5174
33000 5447
34000 5747
35000 6067
36000 5767
37000 6489
38000 6580
39000 6301
40000 6794
41000 6702
42000 7292
43000 6909
44000 7108
45000 7465
46000 7990
47000 7785
48000 8409
49000 8155
50000 8431
51000 10198
52000 10232
53000 14231
54000 10566
55000 11746
56000 11517
57000 10424
58000 11873
59000 12196
60000 11161
61000 12273
62000 11718
63000 12355
64000 13024
65000 12523
66000 14259
67000 15686
68000 17574
69000 13369
70000 15346
71000 14549
72000 14613
73000 14074
74000 16194
75000 15391
76000 16646
77000 15687
78000 18412
79000 17596
80000 22655
81000 17494
82000 17772
83000 16378
84000 17273
85000 17170
86000 18415
87000 16963
88000 16364
89000 17234
90000 16727
91000 18993
92000 17257
93000 17746
94000 17874
95000 28041
96000 21390
97000 25569
98000 22323
99000 21253
100000 20488
