1000 2917
2000 5376
3000 9794
4000 11287
5000 15642
6000 17931
7000 20927
8000 23555
9000 32372
10000 46634
11000 55765
12000 43597
13000 44154
14000 46810
15000 55246
16000 54416
17000 64632
18000 93040
19000 71960
20000 69136
21000 74564
22000 87553
23000 82583
24000 86401
25000 92910
26000 90802
27000 93816
28000 101014
29000 101949
30000 110002
31000 113847
32000 116304
33000 126466
34000 131440
35000 135303
36000 139580
37000 146082
38000 150818
39000 151815
40000 160058
41000 163310
42000 162532
43000 167739
44000 172998
45000 177607
46000 183042
47000 189030
48000 194131
49000 198802
50000 203434
51000 208834
52000 215113
53000 220462
54000 225096
55000 231913
56000 243018
57000 241869
58000 247525
59000 252812
60000 258298
61000 263563
62000 269355
63000 274971
64000 281004
65000 287542
66000 294090
67000 302576
68000 310246
69000 315382
70000 323124
71000 330702
72000 345503
73000 357297
74000 378740
75000 359078
76000 364994
77000 373769
78000 377431
79000 385724
80000 395732
81000 433282
82000 441715
83000 447023
84000 456035
85000 431994
86000 438318
87000 445344
88000 454600
89000 466591
90000 480370
91000 472014
92000 479564
93000 491599
94000 508483
95000 539876
96000 528832
97000 519282
98000 523623
99000 528004
100000 537168
